{
    "inputSchema": {
        "title": "Autoencoder dimensionality reduction",
        "description": "This service uses a pre-trained autoencoder model, to encode input information (dimension reduction).",
        "type": "object",
        "properties": {
            "data": {
                "type": "array",
                "description": "The feature matrix",
                "items": {
                    "type": "object",
                    "description": "A row of the feature matrix, corresponding to sample.",
                    "items": {
                        "description": "An element-column of the feature matrix, corresponding to a feature/attribute."
                    }
                }
            },
            "options": {
                "type": "object",
                "description": "Parameters of the AutoEncoder model to be built.",
                "properties": {
                    "attributes": {
                        "type": "array",
                        "description": "The attributes/features of the input data to be used."
                    },
                    "model": {
                        "type": "object",
                        "description": "Trained Model object, as it is returned from autoencoder_train service",
                        "properties": {
                            "attributes": {
                                "type": "array",
                                "description": "The attributes/features of used during training."
                            },
                            "inputLayerDim": {
                                "type": "number",
                                "description": "AutoEncoder input layer size."
                            },
                            "hiddenLayersDim": {
                                "type": "array",
                                "description": "Array with hidden layer dimensions.",
                                "items": {
                                    "type": "number",
                                    "description": "Layer size."
                                }
                            },
                            "lattentLayerDim": {
                                "type": "number",
                                "description": "Latent space dimension, ie dimension of encoder output layer"
                            },
                            "modelParameters": {
                                "type": "object",
                                "description": "Model parameters extracted in state dict format."
                            },
                            "modelParametersOrder": {
                                "type": "array",
                                "description": "Array with ordered model parameter layers.",
                                "items": {
                                    "type": "string",
                                    "description": "Label of layer."
                                }
                            }
                        },
                        "required": ["attributes", "hiddenLayersDim", "lattentLayerDim", "modelParameters", "modelParametersOrder"]
                    }
                },
                "required": [ "attributes","model"]
            }
        },
        "required": [ "data", "options"]
    },
    "inputExample": {
        "data": [
            {"s0": 0, "s1": 25.243412442114227, "s2": 2.973366000369232, "s3": 29.106125371764552, "s4": 9.040424227642768, "s5": 5.314745897899321, "s6": 10.498617604018401, "s7": 16.810994447667536, "s8": 19.3082981844233, "s9": 23.456974370939797, "s10": 77.27994289539272, "s11": 47.773993337302876, "s12": 58.109767748222275, "s13": 62.08556702357261, "s14": 75.53881880296754, "s15": 40.22687491933345, "s16": 83.67105479592229, "s17": 56.46910557446197, "s18": 70.08986133963309, "s19": 67.21304411607595}, 
            {"s0": 25.243412442114227, "s1": 0, "s2": 22.830583050309485, "s3": 4.552042546029767, "s4": 32.73227357029707, "s5": 22.463516910978328, "s6": 14.750254794053282, "s7": 17.911840136273263, "s8": 15.270194628170854, "s9": 15.403414861130907, "s10": 77.82262543599003, "s11": 47.112030901865836, "s12": 62.870547639557216, "s13": 70.13775351805783, "s14": 77.05039391114545, "s15": 44.3356582557831, "s16": 90.64428081321805, "s17": 60.72083289588041, "s18": 69.8751441991489, "s19": 71.3280637242097}, 
            {"s0": 2.973366000369232, "s1": 22.830583050309485, "s2": 0, "s3": 26.5349833407668, "s4": 12.002674728221665, "s5": 2.6984209777465726, "s6": 8.142762143987476, "s7": 13.90835827273572, "s8": 16.341206961225502, "s9": 20.487992205227243, "s10": 75.32728683333798, "s11": 45.5151912758182, "s12": 56.45977016014839, "s13": 60.84564434675087, "s14": 73.66862651252713, "s15": 38.303509164853686, "s16": 82.41718102708765, "s17": 54.75132879968407, "s18": 68.0347957228306, "s19": 65.55849028399274}, 
            {"s0": 29.106125371764552, "s1": 4.552042546029767, "s2": 26.5349833407668, "s3": 0, "s4": 36.92351840463862, "s5": 25.858909325215343, "s6": 18.641340071499304, "s7": 19.501241444838396, "s8": 16.35571626920455, "s9": 15.29006763505318, "s10": 76.08481859229198, "s11": 45.70903960047709, "s12": 62.07534092831215, "s13": 69.82044410612362, "s14": 75.48667471008702, "s15": 43.89569055648457, "s16": 89.91056627565928, "s17": 59.873906280536595, "s18": 68.10090685007626, "s19": 70.2881845924951}, 
            {"s0": 9.040424227642768, "s1": 32.73227357029707, "s2": 12.002674728221665, "s3": 36.92351840463862, "s4": 0, "s5": 14.259419401370394, "s6": 18.478580067088252, "s7": 25.822748508110703, "s8": 28.343814751005468, "s9": 32.489583158526365, "s10": 84.17678208346216, "s11": 55.52388713211559, "s12": 64.36511352513423, "s13": 67.26622334662368, "s14": 82.23845130887244, "s15": 47.30207595840279, "s16": 88.7403718483821, "s17": 62.90386211555157, "s18": 77.2633998647369, "s19": 73.41603792894891}, 
            {"s0": 5.314745897899321, "s1": 22.463516910978328, "s2": 2.6984209777465726, "s3": 25.858909325215343, "s4": 14.259419401370394, "s5": 0, "s6": 8.3296181378227, "s7": 11.572680560484223, "s8": 14.274888409866758, "s9": 18.42367438503038, "s10": 72.66233507090149, "s11": 42.81707851056806, "s12": 53.87952458335471, "s13": 58.42574235647237, "s14": 71.0215721907896, "s15": 35.65314205008496, "s16": 79.98104617074648, "s17": 52.150084168831036, "s18": 65.35307198134528, "s19": 62.973569526108044}, 
            {"s0": 10.498617604018401, "s1": 14.750254794053282, "s2": 8.142762143987476, "s3": 18.641340071499304, "s4": 18.478580067088252, "s5": 8.3296181378227, "s6": 0, "s7": 11.731099505436074, "s8": 12.409670932772858, "s9": 16.06683698161462, "s10": 76.2422003377893, "s11": 45.58353546999825, "s12": 58.57835506569049, "s13": 64.11496957722123, "s14": 74.88937180187725, "s15": 39.84135934059457, "s16": 85.49042682443024, "s17": 56.674598518506066, "s18": 68.62761448583183, "s19": 67.56569929110184}, 
            {"s0": 16.810994447667536, "s1": 17.911840136273263, "s2": 13.90835827273572, "s3": 19.501241444838396, "s4": 25.822748508110703, "s5": 11.572680560484223, "s6": 11.731099505436074, "s7": 0, "s8": 3.531411025606395, "s9": 7.263466675705664, "s10": 64.59630260660825, "s11": 33.86701560397387, "s12": 47.39956877627824, "s13": 53.60139117307712, "s14": 63.313437342263114, "s15": 28.569831972286153, "s16": 74.70632169744829, "s17": 45.415752193771425, "s18": 56.9387656600932, "s19": 56.28489340072375}, 
            {"s0": 19.3082981844233, "s1": 15.270194628170854, "s2": 16.341206961225502, "s3": 16.35571626920455, "s4": 28.343814751005468, "s5": 14.274888409866758, "s6": 12.409670932772858, "s7": 3.531411025606395, "s8": 0, "s9": 4.153112659148541, "s10": 64.9874262420251, "s11": 34.08798491676297, "s12": 48.548668675771495, "s13": 55.25617692655211, "s14": 63.86729447715005, "s15": 29.759012081582707, "s16": 76.11010315506228, "s17": 46.48834899865, "s18": 57.21005983720726, "s19": 57.287931173066816}, 
            {"s0": 23.456974370939797, "s1": 15.403414861130907, "s2": 20.487992205227243, "s3": 15.29006763505318, "s4": 32.489583158526365, "s5": 18.42367438503038, "s6": 16.06683698161462, "s7": 7.263466675705664, "s8": 4.153112659148541, "s9": 0, "s10": 62.99219599995335, "s11": 32.101759298457786, "s12": 47.48179826636499, "s13": 54.784409787680055, "s14": 62.049230278675196, "s15": 28.93984907444832, "s16": 75.24250372681887, "s17": 45.34390327511148, "s18": 55.11753361132504, "s19": 56.0010046519884}, 
            {"s0": 77.27994289539272, "s1": 77.82262543599003, "s2": 75.32728683333798, "s3": 76.08481859229198, "s4": 84.17678208346216, "s5": 72.66233507090149, "s6": 76.2422003377893, "s7": 64.59630260660825, "s8": 64.9874262420251, "s9": 62.99219599995335, "s10": 0, "s11": 30.91942030837401, "s12": 20.821576130745548, "s13": 24.535789722999933, "s14": 3.2176598453243974, "s15": 37.05310524325552, "s16": 23.300707334605388, "s17": 21.70680920200573, "s18": 7.994028859984289, "s19": 13.3836540477719}, 
            {"s0": 47.773993337302876, "s1": 47.112030901865836, "s2": 45.5151912758182, "s3": 45.70903960047709, "s4": 55.52388713211559, "s5": 42.81707851056806, "s6": 45.58353546999825, "s7": 33.86701560397387, "s8": 34.08798491676297, "s9": 32.101759298457786, "s10": 30.91942030837401, "s11": 0, "s12": 17.701203004856733, "s13": 27.3496329638448, "s14": 29.960044680368995, "s15": 10.04339853278322, "s16": 44.97130511475216, "s17": 15.41624376414943, "s18": 23.123970703255075, "s19": 24.872601732222208}, 
            {"s0": 58.109767748222275, "s1": 62.870547639557216, "s2": 56.45977016014839, "s3": 62.07534092831215, "s4": 64.36511352513423, "s5": 53.87952458335471, "s6": 58.57835506569049, "s7": 47.39956877627824, "s8": 48.548668675771495, "s9": 47.48179826636499, "s10": 20.821576130745548, "s11": 17.701203004856733, "s12": 0, "s13": 10.262807852989122, "s14": 18.334723501532125, "s15": 18.833764006824353, "s16": 27.83592620218074, "s17": 2.289552283421565, "s18": 16.10368186171871, "s19": 9.103536634883637}, 
            {"s0": 62.08556702357261, "s1": 70.13775351805783, "s2": 60.84564434675087, "s3": 69.82044410612362, "s4": 67.26622334662368, "s5": 58.42574235647237, "s6": 64.11496957722123, "s7": 53.60139117307712, "s8": 55.25617692655211, "s9": 54.784409787680055, "s10": 24.535789722999933, "s11": 27.3496329638448, "s12": 10.262807852989122, "s13": 0, "s14": 21.399580859283855, "s15": 25.928561043127633, "s16": 21.585522191322937, "s17": 12.325554205621206, "s18": 22.88808576898665, "s19": 11.331122169511037}, 
            {"s0": 75.53881880296754, "s1": 77.05039391114545, "s2": 73.66862651252713, "s3": 75.48667471008702, "s4": 82.23845130887244, "s5": 71.0215721907896, "s6": 74.88937180187725, "s7": 63.313437342263114, "s8": 63.86729447715005, "s9": 62.049230278675196, "s10": 3.2176598453243974, "s11": 29.960044680368995, "s12": 18.334723501532125, "s13": 21.399580859283855, "s14": 0, "s15": 35.368773971704606, "s16": 21.000157868541347, "s17": 19.442822148899015, "s18": 8.12721828804413, "s19": 10.380220278064614}, 
            {"s0": 40.22687491933345, "s1": 44.3356582557831, "s2": 38.303509164853686, "s3": 43.89569055648457, "s4": 47.30207595840279, "s5": 35.65314205008496, "s6": 39.84135934059457, "s7": 28.569831972286153, "s8": 29.759012081582707, "s9": 28.93984907444832, "s10": 37.05310524325552, "s11": 10.04339853278322, "s12": 18.833764006824353, "s13": 25.928561043127633, "s14": 35.368773971704606, "s15": 0, "s16": 46.37346884361952, "s17": 16.85352402797273, "s18": 29.965021183023243, "s19": 27.737434575284905}, 
            {"s0": 83.67105479592229, "s1": 90.64428081321805, "s2": 82.41718102708765, "s3": 89.91056627565928, "s4": 88.7403718483821, "s5": 79.98104617074648, "s6": 85.49042682443024, "s7": 74.70632169744829, "s8": 76.11010315506228, "s9": 75.24250372681887, "s10": 23.300707334605388, "s11": 44.97130511475216, "s12": 27.83592620218074, "s13": 21.585522191322937, "s14": 21.000157868541347, "s15": 46.37346884361952, "s16": 0, "s17": 30.05171376761263, "s18": 28.392195450085136, "s19": 20.23382487479592}, 
            {"s0": 56.46910557446197, "s1": 60.72083289588041, "s2": 54.75132879968407, "s3": 59.873906280536595, "s4": 62.90386211555157, "s5": 52.150084168831036, "s6": 56.674598518506066, "s7": 45.415752193771425, "s8": 46.48834899865, "s9": 45.34390327511148, "s10": 21.70680920200573, "s11": 15.41624376414943, "s12": 2.289552283421565, "s13": 12.325554205621206, "s14": 19.442822148899015, "s15": 16.85352402797273, "s16": 30.05171376761263, "s17": 0, "s18": 16.24864724396424, "s19": 10.891266497641018}, 
            {"s0": 70.08986133963309, "s1": 69.8751441991489, "s2": 68.0347957228306, "s3": 68.10090685007626, "s4": 77.2633998647369, "s5": 65.35307198134528, "s6": 68.62761448583183, "s7": 56.9387656600932, "s8": 57.21005983720726, "s9": 55.11753361132504, "s10": 7.994028859984289, "s11": 23.123970703255075, "s12": 16.10368186171871, "s13": 22.88808576898665, "s14": 8.12721828804413, "s15": 29.965021183023243, "s16": 28.392195450085136, "s17": 16.24864724396424, "s18": 0, "s19": 11.998880038038909}, 
            {"s0": 67.21304411607595, "s1": 71.3280637242097, "s2": 65.55849028399274, "s3": 70.2881845924951, "s4": 73.41603792894891, "s5": 62.973569526108044, "s6": 67.56569929110184, "s7": 56.28489340072375, "s8": 57.287931173066816, "s9": 56.0010046519884, "s10": 13.3836540477719, "s11": 24.872601732222208, "s12": 9.103536634883637, "s13": 11.331122169511037, "s14": 10.380220278064614, "s15": 27.737434575284905, "s16": 20.23382487479592, "s17": 10.891266497641018, "s18": 11.998880038038909, "s19": 0}
        ],
        "options": {
            "attributes" : ["s0", "s1", "s2", "s3", "s4", "s5", "s6", "s7", "s8", "s9", "s10", "s11", "s12", "s13", "s14", "s15", "s16", "s17", "s18", "s19"],
            "model":{
                "hiddenLayersDim":[15,10],
                "inputLayerDim":20,
                "lattentLayerDim":5,
                "modelParameters":{
                    "decoder.layer1.bias": [-0.39286187291145325,-0.2693583369255066,0.05764344707131386,-0.1789880096912384,0.275147020816803,0.031143231317400932,-0.11320473253726959,-0.02372409589588642,0.14615830779075623,-0.3473135530948639],
                    "decoder.layer1.weight":[
                        [0.447111576795578,0.20452018082141876,-0.2782284915447235,0.05798028036952019,-0.3289317786693573],
                        [-0.37331855297088623,-0.3946380615234375,-0.03851970285177231,-0.24573950469493866,-0.3347092568874359],
                        [0.22694294154644012,-0.030384253710508347,-0.08504591882228851,0.18782062828540802,0.0300737451761961],
                        [-0.24744489789009094,0.10164608061313629,-0.04075783118605614,-0.03931155055761337,-0.3922361135482788],
                        [-0.16410516202449799,-0.30705827474594116,-0.08674455434083939,-0.037592608481645584,0.3389195203781128],
                        [-0.1637466996908188,-0.26175233721733093,0.05221490189433098,-0.27740225195884705,0.3239259421825409],
                        [-0.08623827993869781,-0.10514356940984726,0.2778734862804413,-0.004579835571348667,0.18584905564785004],
                        [0.034650303423404694,-0.05277995392680168,0.2619263231754303,-0.2573222517967224,0.17161588370800018],
                        [-0.32537272572517395,-0.34101784229278564,0.3545858860015869,-0.32555919885635376,0.22614715993404388],
                        [-0.2721059322357178,-0.26099514961242676,0.28328660130500793,-0.20658349990844727,-0.03600163757801056]
                    ],
                    "decoder.layer2.bias":[-0.21096092462539673,-0.02988426759839058,-0.2968719005584717,-0.09936092048883438,0.23699715733528137,0.22779595851898193,0.03458594158291817,0.10378186404705048,0.014818727970123291,-0.30367499589920044,-0.2913415729999542,-0.30724579095840454,0.2985817492008209,0.19030985236167908,-0.26021844148635864],
                    "decoder.layer2.weight":[
                        [-0.28179818391799927,0.30124056339263916,0.0926298275589943,-0.2005721926689148,-0.027567509561777115,0.0020725862123072147,-0.14060764014720917,-0.05531815439462662,-0.0565139502286911,-0.0799134373664856],
                        [0.22467826306819916,0.06907664239406586,0.20979730784893036,0.256161093711853,0.08361265808343887,0.12384214252233505,-0.3084484040737152,-0.09871218353509903,-0.009414616972208023,0.024425331503152847],
                        [-0.2064037024974823,-0.2614964246749878,0.08373939990997314,0.0011495649814605713,0.1397140622138977,-0.2630205750465393,-0.31394195556640625,-0.272579550743103,-0.06935064494609833,-0.2552734613418579],
                        [0.13071401417255402,0.07673660665750504,0.21184377372264862,-0.17375235259532928,0.27235835790634155,0.04474596306681633,0.059309639036655426,-0.27504244446754456,0.28730055689811707,0.06232493743300438],
                        [0.23294171690940857,-0.015176665037870407,0.04174719750881195,-0.07620394974946976,0.1078999862074852,-0.22904321551322937,0.22019965946674347,0.09540049731731415,-0.11070074141025543,0.29330572485923767],
                        [-0.06220735237002373,-0.12666063010692596,-0.06294824928045273,-0.22085008025169373,0.1989794671535492,0.14144161343574524,0.020099539309740067,0.10383977741003036,0.3101573884487152,-0.17500218749046326],
                        [-0.07012824714183807,-0.2938944399356842,0.3066313862800598,-0.2656024396419525,-0.18776783347129822,0.19724036753177643,0.08758928626775742,-0.19889944791793823,0.18298323452472687,-0.011901726946234703],
                        [0.10957788676023483,-0.0206610020250082,0.07847743481397629,-0.1544497013092041,0.056347284466028214,0.30961519479751587,0.16370047628879547,-0.10637424141168594,-0.08442091196775436,0.1417532116174698],
                        [0.28718194365501404,0.07125455141067505,-0.15658733248710632,0.03554031252861023,-0.22735603153705597,-0.15273478627204895,0.13359335064888,-0.16256491839885712,-0.22616133093833923,0.23871180415153503],
                        [-0.21593713760375977,-0.04630659893155098,0.23063670098781586,0.07091309130191803,0.1248544380068779,0.08634132146835327,0.0875580683350563,0.2670733630657196,0.2357780486345291,0.21069154143333435],
                        [-0.09348908066749573,0.11004471778869629,0.2687869369983673,0.07514363527297974,-0.07328374683856964,-0.03499281406402588,0.09732264280319214,-0.20288151502609253,-0.05668729543685913,-0.0651109516620636],
                        [-0.2765376567840576,-0.31428125500679016,0.07654303312301636,-0.04030144214630127,-0.107286736369133,0.20238670706748962,-0.12197062373161316,0.06435826420783997,-0.16841045022010803,0.019931942224502563],
                        [-0.10189086198806763,-0.0022207610309123993,-0.2886282205581665,-0.15946394205093384,-0.3212908208370209,-0.03782596439123154,0.039083149284124374,-0.020900381729006767,-0.21556873619556427,0.19269898533821106],
                        [0.16990280151367188,-0.12837672233581543,-0.21365594863891602,0.03095703199505806,-0.0037227298598736525,0.1238560602068901,0.3179890215396881,-0.2517872452735901,0.2889837324619293,-0.25092893838882446],
                        [-0.07436197996139526,0.26171496510505676,-0.18330086767673492,0.21027955412864685,-0.23291511833667755,0.3025144636631012,-0.11640031635761261,-0.12068486213684082,-0.1905842274427414,0.24573104083538055]
                    ],
                    "decoder.layer3.bias":[-0.1600477248430252,-0.1742762178182602,0.003753424622118473,0.1466585248708725,-0.15635080635547638,0.15388570725917816,-0.04606255888938904,-0.21666109561920166,0.16444605588912964,0.19374363124370575,0.1941869556903839,0.2615930438041687,-0.24345430731773376,-0.14905288815498352,0.20691458880901337,0.11714702099561691,0.19636432826519012,0.11745394766330719,0.13251441717147827,-0.05969194322824478],
                    "decoder.layer3.weight":[
                        [0.022688504308462143,0.23824287950992584,-0.011544883251190186,0.13423708081245422,-0.07129395008087158,0.2345549762248993,0.1989355981349945,-0.15664270520210266,-0.2024524062871933,0.060684602707624435,0.1906205415725708,-0.21864241361618042,-0.1363767385482788,0.0022679008543491364,-0.00952487625181675],
                        [-0.22642844915390015,-0.07731304317712784,0.1369761824607849,-0.19980590045452118,0.25145184993743896,0.17530399560928345,-0.029421141371130943,0.22726944088935852,0.14808955788612366,0.2273053079843521,0.017813652753829956,0.056761324405670166,0.09176269918680191,0.09609048068523407,0.10289251804351807],
                        [-0.23348139226436615,0.18950988352298737,0.11827629804611206,0.10331211984157562,-0.19965878129005432,-0.06917999684810638,0.25591957569122314,0.03025992587208748,0.1504206657409668,-0.09586934000253677,-0.009722843766212463,0.07702329754829407,-0.11854265630245209,0.18596960604190826,0.020690735429525375],
                        [0.16770987212657928,-0.08383635431528091,-0.25390878319740295,0.11653099209070206,0.14270463585853577,-0.033125653862953186,0.17204473912715912,0.03534551337361336,0.02203500270843506,-0.03981076180934906,0.05377581715583801,-0.20704230666160583,-0.21238763630390167,-0.009289151057600975,-0.14808282256126404],
                        [-0.20975996553897858,-0.044557470828294754,0.0011228322982788086,-0.14013516902923584,-0.11537260562181473,0.2365722954273224,-0.1342899352312088,-0.23474350571632385,0.002476125955581665,0.25796401500701904,-0.047269225120544434,-0.22519898414611816,-0.13741302490234375,-0.2026720643043518,-0.1592697650194168],
                        [-0.22167201340198517,-0.010738654062151909,0.19868534803390503,0.07930170744657516,0.24346882104873657,0.20340317487716675,0.158062145113945,-0.24075035750865936,-0.052287757396698,0.12619845569133759,0.21579676866531372,0.026053249835968018,0.22216102480888367,0.016400044783949852,-0.18660488724708557],
                        [-0.13964299857616425,0.23585258424282074,0.2355877161026001,-0.07384587079286575,0.08201247453689575,0.11901544034481049,0.016366178169846535,-0.03586438298225403,0.2515735924243927,-0.0045332517474889755,0.07433009147644043,-0.17742103338241577,0.08688685297966003,0.2467341274023056,-0.09028138220310211],
                        [0.019869236275553703,-0.12257933616638184,0.16078782081604004,-0.09290431439876556,0.2170129418373108,0.03023260086774826,0.18644891679286957,-0.016545306891202927,-0.2532932162284851,-0.1868613362312317,-0.08947700262069702,0.224595844745636,0.1666593700647354,0.2661118507385254,0.057134561240673065],
                        [-0.14408497512340546,0.06598784029483795,0.15055856108665466,-0.1898442506790161,-0.23273278772830963,0.18077661097049713,0.15609291195869446,0.24135062098503113,0.1557886004447937,-0.20988361537456512,0.23824715614318848,-0.20756301283836365,-0.23469549417495728,0.14438362419605255,0.02249203249812126],
                        [-0.2212011069059372,0.14220532774925232,-0.16299569606781006,-0.14707858860492706,0.10036329180002213,-0.0028747094329446554,0.0745367482304573,0.16650553047657013,-0.10026012361049652,-0.0916377529501915,0.07827398180961609,0.08079719543457031,-0.08624720573425293,0.15965622663497925,-0.2290031462907791],
                        [-0.12420358508825302,-0.0009838494006544352,0.19134727120399475,-0.09804193675518036,0.1454451084136963,0.1863231509923935,-0.24047520756721497,0.09994926303625107,0.1247822642326355,0.09227009117603302,-0.0013644993305206299,-0.06465080380439758,0.08240016549825668,-0.1616257131099701,0.04483851417899132],
                        [-0.022108187898993492,-0.2096758633852005,-0.0020718276500701904,-0.04181324690580368,0.15741777420043945,0.193138986825943,-0.16229286789894104,0.22543953359127045,-0.18155425786972046,-0.13763085007667542,-0.182824045419693,-0.2573545277118683,-0.1471753567457199,0.14735156297683716,-0.17460806667804718],
                        [0.23279494047164917,-0.2322251945734024,-0.046951547265052795,0.18493163585662842,-0.037094827741384506,0.1489676982164383,-0.12803944945335388,0.2626553177833557,-0.11188103258609772,-0.15453103184700012,0.1293306052684784,-0.22444653511047363,-0.13807645440101624,-0.06901942193508148,-0.03027503564953804],
                        [0.04860033094882965,0.06859695166349411,0.1146831214427948,0.056582894176244736,0.07876548916101456,-0.20660445094108582,-0.054489441215991974,0.1330498605966568,-0.03638999164104462,-0.07025570422410965,0.24981215596199036,0.198455810546875,-0.0026142678689211607,-0.04028269276022911,-0.23699572682380676],
                        [0.0903245285153389,-0.14191436767578125,0.22297686338424683,0.12552428245544434,0.19887031614780426,-0.002316294936463237,0.24566636979579926,-0.11506897956132889,-0.07785464823246002,0.15762461721897125,-0.15484848618507385,0.02452021837234497,0.12890274822711945,-0.016406981274485588,-0.05766814947128296],
                        [0.24017298221588135,0.035778384655714035,-0.030524730682373047,0.21284903585910797,0.009208052419126034,-0.13541848957538605,-0.06127142906188965,-0.0020005549304187298,0.11771926283836365,0.21058842539787292,0.22459325194358826,-0.11233450472354889,0.2323324829339981,-0.017570657655596733,0.004768736194819212],
                        [0.13635258376598358,-0.22600065171718597,0.24146661162376404,0.20432181656360626,0.2012774795293808,-0.09551302343606949,0.07403317838907242,0.07859113067388535,0.2555505335330963,-0.0784788504242897,0.0446283221244812,0.2264980971813202,0.1107097640633583,0.1207863837480545,0.22163577377796173],
                        [-0.24744048714637756,0.15656016767024994,-0.13371337950229645,-0.1345594972372055,-0.11996365338563919,-0.016477176919579506,-0.043077826499938965,-0.012250910513103008,-0.13819310069084167,0.21240827441215515,0.07032868266105652,0.14627119898796082,0.19269509613513947,-0.18512119352817535,0.05443457514047623],
                        [-0.14764359593391418,-0.1741076111793518,0.19193053245544434,0.13923022150993347,-0.06319372355937958,-0.16234809160232544,0.14079861342906952,-0.005943422671407461,0.11549744009971619,0.12437734752893448,0.0832735002040863,-0.176329106092453,0.055294930934906006,-0.02850263938307762,-0.14820201694965363],
                        [-0.07402139902114868,-0.10793512314558029,0.10317105054855347,-0.010516991838812828,0.05470068380236626,0.009635870344936848,0.15381655097007751,0.13417412340641022,-0.06985047459602356,-0.19375751912593842,0.013366341590881348,0.01111447811126709,-0.07008878141641617,0.1090954840183258,0.2111959457397461]
                    ],
                    "encoder.layer1.bias":[-0.10467512160539627,0.14037419855594635,0.052586715668439865,-0.03616781160235405,-0.1621137112379074,-0.04668216034770012,0.10344364494085312,0.0033055543899536133,-0.18861061334609985,0.09776075929403305,0.08114992082118988,-0.21227169036865234,-0.18958832323551178,0.07793958485126495,-0.09881740808486938],
                    "encoder.layer1.weight":[
                        [-0.0019369494402781129,0.06345194578170776,-0.21934384107589722,-0.040250178426504135,-0.2199719250202179,0.09738416969776154,0.015093949623405933,-0.08076247572898865,0.20286405086517334,0.13682334125041962,0.044800400733947754,0.06091870740056038,0.0783863216638565,-0.18115229904651642,-0.06441867351531982,-0.14485299587249756,0.16796571016311646,0.14309027791023254,-0.2298884242773056,0.16112010180950165],
                        [-0.0690152645111084,0.022052492946386337,-0.13976837694644928,-0.015554078854620457,-0.06821627169847488,-0.09338340908288956,-0.20910973846912384,-0.18477457761764526,-0.004845783114433289,-0.0077112577855587006,0.1592961549758911,-0.1589755266904831,0.15453122556209564,0.16130509972572327,0.09495984017848969,-0.1468721181154251,0.013675217516720295,0.11214587092399597,0.21446746587753296,0.05127829313278198],
                        [0.1780991107225418,0.0065829018130898476,0.01727033033967018,-0.05140281468629837,-0.07971193641424179,0.16538096964359283,-0.07566679269075394,0.048341743648052216,-0.11943063884973526,0.21776257455348969,-0.0021759923547506332,0.15825426578521729,0.08763469010591507,-0.1447712928056717,0.11950904875993729,-0.08447263389825821,-0.04690282791852951,0.22559362649917603,-0.16985076665878296,0.04347843676805496],
                        [-0.21713635325431824,-0.18478401005268097,-0.009282136335968971,-0.08274779468774796,-0.13030359148979187,-0.21126548945903778,0.17715638875961304,-0.05081501975655556,0.1357773095369339,-0.08621273934841156,0.060075730085372925,-0.017115985974669456,0.2119111269712448,0.012737829238176346,-0.15829943120479584,0.02291680872440338,0.08391588926315308,0.1573222130537033,0.15407800674438477,-0.1110709086060524],
                        [0.16777247190475464,-0.11726530641317368,0.17815490067005157,-0.16803251206874847,0.042617958039045334,-0.047723714262247086,-0.10588632524013519,0.2219414860010147,0.0434551015496254,0.22585704922676086,-0.20646114647388458,0.18095895648002625,-0.15917108952999115,-0.04678044468164444,0.21599642932415009,-0.03879043459892273,-0.2081637978553772,0.0714208260178566,-0.09775416553020477,0.13013474643230438],
                        [0.015965348109602928,-0.04866014048457146,0.11510287970304489,0.1875438243150711,-0.11515796184539795,-0.1072857603430748,-0.03109353967010975,-0.08038152754306793,-0.07228673994541168,-0.039946604520082474,0.03080042079091072,-0.03951937332749367,0.2030089944601059,-0.15883095562458038,0.03755298629403114,-0.05565381050109863,-0.06732689589262009,-0.14160163700580597,0.21342460811138153,0.1479784995317459],
                        [-0.1366407573223114,0.07866431772708893,0.06044026464223862,0.206496000289917,0.2090485394001007,0.07582943141460419,0.004511351231485605,0.08658642321825027,0.09462261199951172,0.14022620022296906,0.10077071189880371,-0.19484129548072815,-0.1892913430929184,-0.0699184387922287,-0.0411113016307354,0.12457438558340073,0.0655030682682991,-0.2124001681804657,-0.048748984932899475,0.1456298679113388],
                        [-0.0016359537839889526,0.0946449339389801,-0.19972194731235504,-0.15151941776275635,-0.1945333033800125,0.20424747467041016,0.11693280935287476,-0.13865333795547485,0.10098516941070557,-0.18662630021572113,-0.13832879066467285,-0.004735440015792847,0.10848048329353333,0.11918947100639343,-0.1144682765007019,0.10679158568382263,-0.13173004984855652,0.18425169587135315,-0.21886077523231506,-0.20532098412513733],
                        [-0.19561010599136353,-0.1778165102005005,-0.18156889081001282,0.021458912640810013,0.08781789988279343,0.20620512962341309,0.1387394517660141,-0.0958537757396698,0.12031536549329758,-0.16196666657924652,0.15550382435321808,-0.12793277204036713,0.03995981439948082,0.15384215116500854,0.014537321403622627,0.1839931607246399,-0.11108148843050003,0.06822837889194489,0.15554766356945038,-0.13140928745269775],
                        [0.06444884091615677,0.0570547953248024,-0.1097199097275734,-0.17407086491584778,-0.19552618265151978,0.22390887141227722,0.1758076399564743,0.16283710300922394,0.03237893432378769,-0.01608845591545105,0.20066936314105988,-0.06679444760084152,0.12877318263053894,0.0937676876783371,-0.11688800156116486,0.21833708882331848,0.10440254956483841,-0.01329786516726017,-0.1834232658147812,-0.19429230690002441],
                        [0.16531801223754883,0.05919623747467995,0.16918900609016418,0.21677768230438232,-0.05861368775367737,-0.13419196009635925,0.06670725345611572,0.022570116445422173,-0.00457382295280695,-0.151329904794693,-0.1458219587802887,0.0812450498342514,0.23229314386844635,0.09674728661775589,-0.14916542172431946,-0.11322759091854095,-0.08754926919937134,-0.17574772238731384,0.009214071556925774,0.06167982891201973],
                        [0.12528668344020844,-0.20588795840740204,-0.10198099911212921,0.18248306214809418,-0.03834685683250427,0.10508916527032852,0.1904045045375824,0.05504954606294632,-0.20211562514305115,0.08586112409830093,-0.18313516676425934,-0.19672808051109314,0.09661437571048737,-0.059874389320611954,0.048794787377119064,-0.15827736258506775,0.17237576842308044,0.053606823086738586,0.007207764778286219,-0.14415954053401947],
                        [0.15051159262657166,0.17761167883872986,-0.13447542488574982,-0.0055522918701171875,0.18047699332237244,0.004502728581428528,-0.12331578135490417,-0.22220154106616974,-0.1979975402355194,-0.14004412293434143,-0.21747082471847534,-0.0721120685338974,-0.0941067636013031,0.21797800064086914,-0.04155854880809784,0.06957119703292847,0.018475443124771118,-0.10619598627090454,-0.048472583293914795,-0.007650002837181091],
                        [-0.2226058542728424,0.01305063720792532,-0.14244891703128815,0.1482595056295395,-0.15783648192882538,-0.0761914774775505,-0.09472870081663132,0.04119779169559479,-0.19370104372501373,0.11597488075494766,-0.05201157554984093,0.00923516321927309,0.07265118509531021,-0.18046517670154572,-0.06430434435606003,0.15734657645225525,0.201225146651268,-0.1621466875076294,-0.16594868898391724,0.1756029576063156],
                        [0.08277588337659836,-0.20655740797519684,0.01862233690917492,0.0633774995803833,-0.05050567910075188,-0.18940041959285736,-0.106791190803051,-0.2035912275314331,-0.11727327853441238,0.19344830513000488,-0.20837421715259552,0.016963288187980652,0.17096640169620514,-0.10980665683746338,0.17998814582824707,-0.06738367676734924,0.2075393795967102,0.1414228081703186,-0.19928118586540222,-0.13282747566699982]
                    ],
                    "encoder.layer2.bias":[0.061147596687078476,0.05041065067052841,-0.2225932627916336,-0.22480517625808716,-0.03885214030742645,0.20298153162002563,-0.25611773133277893,0.06478431075811386,-0.09908933192491531,0.004700918216258287],
                    "encoder.layer2.weight":[
                        [0.03186948597431183,-0.12474972009658813,0.10608026385307312,-0.11647729575634003,-0.10799964517354965,-0.0005902275443077087,0.10187821835279465,0.12453043460845947,0.15105998516082764,-0.04578579217195511,-0.11349590122699738,0.00010127085261046886,-0.09321409463882446,-0.11283357441425323,-0.000347137451171875],
                        [0.12151512503623962,-0.009246597066521645,0.062038786709308624,-0.0641491487622261,0.1678866744041443,-0.07131457328796387,-0.22587880492210388,-0.09619110822677612,0.2478034943342209,-0.14289973676204681,0.1744578778743744,-0.09841392934322357,0.01712191104888916,0.0865616425871849,-0.1698438972234726],
                        [-0.14663578569889069,0.2373001128435135,0.17686723172664642,-0.06862252205610275,-0.14331305027008057,0.205088272690773,-0.1217421367764473,0.2103697955608368,0.17791254818439484,0.23395688831806183,-0.13749614357948303,-0.20676925778388977,0.08750846982002258,-0.04512843117117882,-0.05695638433098793],
                        [-0.21539543569087982,-0.24984748661518097,-0.046363186091184616,-0.018704578280448914,0.08882860839366913,-0.015604915097355843,0.05114733800292015,-0.25377047061920166,0.05573451519012451,0.1774377077817917,-0.12764519453048706,0.07272251695394516,-0.04370561242103577,-0.17844614386558533,0.1775548756122589],
                        [0.15608030557632446,-0.1847800612449646,-0.11534245312213898,0.11095163226127625,0.1332339346408844,0.13970881700515747,-0.033708155155181885,0.03601977229118347,0.06342285871505737,-0.06447313725948334,-0.08367706835269928,-0.023565709590911865,0.044529229402542114,0.02775314450263977,-0.23716998100280762],
                        [0.17522132396697998,0.13780896365642548,0.09680932015180588,-0.13214263319969177,-0.0075341761112213135,-0.23214541375637054,-0.1590561717748642,0.19810795783996582,0.25728094577789307,-0.20613355934619904,0.10101181268692017,-0.0338299423456192,0.07228320837020874,-0.03617238253355026,-0.10364791750907898],
                        [0.09120713174343109,-0.23952336609363556,0.01976795122027397,-0.04493433237075806,-0.07113321125507355,0.009342718869447708,0.22713704407215118,-0.12584057450294495,-0.11696487665176392,0.20424875617027283,0.0641758143901825,0.013661145232617855,0.03887090086936951,0.22065377235412598,0.0025321245193481445],
                        [0.15695683658123016,0.25248321890830994,0.05922165885567665,-0.19279900193214417,0.17242035269737244,0.18494725227355957,-0.05708757042884827,-0.04992908239364624,-0.09344468265771866,-0.08595982193946838,0.07161366194486618,-0.12277447432279587,0.01636672019958496,0.02956205978989601,-0.05693195387721062],
                        [0.21241286396980286,0.23706908524036407,-0.15819455683231354,0.05933389812707901,-0.23035122454166412,-0.009822011925280094,0.020919863134622574,0.099660724401474,0.07641672343015671,-0.18240319192409515,0.0768113061785698,-0.08970223367214203,-0.12592601776123047,0.06968266516923904,0.19088318943977356],
                        [-0.10265796631574631,-0.17358604073524475,0.12199673056602478,-0.18236175179481506,-0.11384979635477066,0.13410943746566772,0.07813800126314163,-0.19557659327983856,0.059255629777908325,0.13254831731319427,0.2642478048801422,0.15872564911842346,0.12244850397109985,-0.07446180284023285,0.175886869430542]
                    ],
                    "encoder.layer3.bias":[-0.17010138928890228,-0.02229110151529312,0.30964142084121704,0.22738485038280487,0.1751207560300827],
                    "encoder.layer3.weight":[
                        [-0.2964838743209839,-0.016622062772512436,-0.20185762643814087,-0.0014648805372416973,0.3019072711467743,-0.24231308698654175,0.25454363226890564,-0.16930142045021057,-0.19258566200733185,0.06645822525024414],
                        [-0.04644219949841499,0.17002132534980774,0.29488471150398254,0.14447714388370514,-0.015158921480178833,-0.20418809354305267,-0.277963250875473,0.21088913083076477,-0.20680277049541473,0.01542192604392767],
                        [0.12199685722589493,-0.12253516912460327,0.19693000614643097,0.00791222881525755,-0.21076402068138123,0.31075385212898254,0.005946177989244461,0.2641916573047638,-0.2063106745481491,0.1904103308916092],
                        [0.04089563712477684,-0.2036958783864975,0.10519330203533173,0.02710237167775631,-0.246658593416214,0.07682406902313232,-0.0677502304315567,0.21360088884830475,-0.28297892212867737,-0.23363055288791656],
                        [-0.07007480412721634,0.14842097461223602,0.2605847716331482,0.20801320672035217,0.024333983659744263,-0.12434586882591248,-0.19323936104774475,0.011518656276166439,-0.03421781584620476,0.07484488934278488]
                        ]
                },
                "modelParametersOrder":["encoder.layer1.weight","encoder.layer1.bias","encoder.layer2.weight","encoder.layer2.bias","encoder.layer3.weight","encoder.layer3.bias","decoder.layer1.weight","decoder.layer1.bias","decoder.layer2.weight","decoder.layer2.bias","decoder.layer3.weight","decoder.layer3.bias"],
                "attributes":["s0","s1","s2","s3","s4","s5","s6","s7","s8","s9","s10","s11","s12","s13","s14","s15","s16","s17","s18","s19"]
            }
        }
    },
    "outputSchema": {
        "title": "Trained Autoencoder, encoder output",
        "description": "Encoded data.",
        "type": "array",
        "items": {
            "type": "array",
            "description": "Encoded output row corresponding to sample"
        }
    },
    "outputExample": [
        [-9.171685218811035,3.802344560623169,5.622267246246338,0.8536190390586853,3.907447338104248],
        [-7.884097099304199,4.662349224090576,5.928496837615967,1.5483741760253906,4.592571258544922],
