{
    "inputSchema": {
        "title": "MDS input",
        "description": "The input to the MDS service.",
        "type": "object",
        "properties": {
            "data": {
                "type": "array",
                "description": "The distance matrix to embed in the low-dimensional space.",
                "items": {
                    "type": "array",
                    "description": "A line of the distance matrix.",
                    "items": {
                        "type": "number",
                        "description": "An element of the distance matrix."
                    }
                }
            },
            "options": {
                "type": "object",
                "description": "Service options.",
                "properties": {
                    "nDim": {
                        "type": "integer",
                        "description": "The number of dimensions to use."
                    }
                },
                "required": ["nDim"]
            }
        },
        "required": ["data", "options"]
    },
    "inputExample": {
        "data": [
            [0, 25.243412442114227, 2.973366000369232, 29.106125371764552, 9.040424227642768, 5.314745897899321, 10.498617604018401, 16.810994447667536, 19.3082981844233, 23.456974370939797, 77.27994289539272, 47.773993337302876, 58.109767748222275, 62.08556702357261, 75.53881880296754, 40.22687491933345, 83.67105479592229, 56.46910557446197, 70.08986133963309, 67.21304411607595],
            [25.243412442114227, 0, 22.830583050309485, 4.552042546029767, 32.73227357029707, 22.463516910978328, 14.750254794053282, 17.911840136273263, 15.270194628170854, 15.403414861130907, 77.82262543599003, 47.112030901865836, 62.870547639557216, 70.13775351805783, 77.05039391114545, 44.3356582557831, 90.64428081321805, 60.72083289588041, 69.8751441991489, 71.3280637242097],
            [2.973366000369232, 22.830583050309485, 0, 26.5349833407668, 12.002674728221665, 2.6984209777465726, 8.142762143987476, 13.90835827273572, 16.341206961225502, 20.487992205227243, 75.32728683333798, 45.5151912758182, 56.45977016014839, 60.84564434675087, 73.66862651252713, 38.303509164853686, 82.41718102708765, 54.75132879968407, 68.0347957228306, 65.55849028399274],
            [29.106125371764552, 4.552042546029767, 26.5349833407668, 0, 36.92351840463862, 25.858909325215343, 18.641340071499304, 19.501241444838396, 16.35571626920455, 15.29006763505318, 76.08481859229198, 45.70903960047709, 62.07534092831215, 69.82044410612362, 75.48667471008702, 43.89569055648457, 89.91056627565928, 59.873906280536595, 68.10090685007626, 70.2881845924951],
            [9.040424227642768, 32.73227357029707, 12.002674728221665, 36.92351840463862, 0, 14.259419401370394, 18.478580067088252, 25.822748508110703, 28.343814751005468, 32.489583158526365, 84.17678208346216, 55.52388713211559, 64.36511352513423, 67.26622334662368, 82.23845130887244, 47.30207595840279, 88.7403718483821, 62.90386211555157, 77.2633998647369, 73.41603792894891],
            [5.314745897899321, 22.463516910978328, 2.6984209777465726, 25.858909325215343, 14.259419401370394, 0, 8.3296181378227, 11.572680560484223, 14.274888409866758, 18.42367438503038, 72.66233507090149, 42.81707851056806, 53.87952458335471, 58.42574235647237, 71.0215721907896, 35.65314205008496, 79.98104617074648, 52.150084168831036, 65.35307198134528, 62.973569526108044],
            [10.498617604018401, 14.750254794053282, 8.142762143987476, 18.641340071499304, 18.478580067088252, 8.3296181378227, 0, 11.731099505436074, 12.409670932772858, 16.06683698161462, 76.2422003377893, 45.58353546999825, 58.57835506569049, 64.11496957722123, 74.88937180187725, 39.84135934059457, 85.49042682443024, 56.674598518506066, 68.62761448583183, 67.56569929110184],
            [16.810994447667536, 17.911840136273263, 13.90835827273572, 19.501241444838396, 25.822748508110703, 11.572680560484223, 11.731099505436074, 0, 3.531411025606395, 7.263466675705664, 64.59630260660825, 33.86701560397387, 47.39956877627824, 53.60139117307712, 63.313437342263114, 28.569831972286153, 74.70632169744829, 45.415752193771425, 56.9387656600932, 56.28489340072375],
            [19.3082981844233, 15.270194628170854, 16.341206961225502, 16.35571626920455, 28.343814751005468, 14.274888409866758, 12.409670932772858, 3.531411025606395, 0, 4.153112659148541, 64.9874262420251, 34.08798491676297, 48.548668675771495, 55.25617692655211, 63.86729447715005, 29.759012081582707, 76.11010315506228, 46.48834899865, 57.21005983720726, 57.287931173066816],
            [23.456974370939797, 15.403414861130907, 20.487992205227243, 15.29006763505318, 32.489583158526365, 18.42367438503038, 16.06683698161462, 7.263466675705664, 4.153112659148541, 0, 62.99219599995335, 32.101759298457786, 47.48179826636499, 54.784409787680055, 62.049230278675196, 28.93984907444832, 75.24250372681887, 45.34390327511148, 55.11753361132504, 56.0010046519884],
            [77.27994289539272, 77.82262543599003, 75.32728683333798, 76.08481859229198, 84.17678208346216, 72.66233507090149, 76.2422003377893, 64.59630260660825, 64.9874262420251, 62.99219599995335, 0, 30.91942030837401, 20.821576130745548, 24.535789722999933, 3.2176598453243974, 37.05310524325552, 23.300707334605388, 21.70680920200573, 7.994028859984289, 13.3836540477719],
            [47.773993337302876, 47.112030901865836, 45.5151912758182, 45.70903960047709, 55.52388713211559, 42.81707851056806, 45.58353546999825, 33.86701560397387, 34.08798491676297, 32.101759298457786, 30.91942030837401, 0, 17.701203004856733, 27.3496329638448, 29.960044680368995, 10.04339853278322, 44.97130511475216, 15.41624376414943, 23.123970703255075, 24.872601732222208],
            [58.109767748222275, 62.870547639557216, 56.45977016014839, 62.07534092831215, 64.36511352513423, 53.87952458335471, 58.57835506569049, 47.39956877627824, 48.548668675771495, 47.48179826636499, 20.821576130745548, 17.701203004856733, 0, 10.262807852989122, 18.334723501532125, 18.833764006824353, 27.83592620218074, 2.289552283421565, 16.10368186171871, 9.103536634883637],
            [62.08556702357261, 70.13775351805783, 60.84564434675087, 69.82044410612362, 67.26622334662368, 58.42574235647237, 64.11496957722123, 53.60139117307712, 55.25617692655211, 54.784409787680055, 24.535789722999933, 27.3496329638448, 10.262807852989122, 0, 21.399580859283855, 25.928561043127633, 21.585522191322937, 12.325554205621206, 22.88808576898665, 11.331122169511037],
            [75.53881880296754, 77.05039391114545, 73.66862651252713, 75.48667471008702, 82.23845130887244, 71.0215721907896, 74.88937180187725, 63.313437342263114, 63.86729447715005, 62.049230278675196, 3.2176598453243974, 29.960044680368995, 18.334723501532125, 21.399580859283855, 0, 35.368773971704606, 21.000157868541347, 19.442822148899015, 8.12721828804413, 10.380220278064614],
            [40.22687491933345, 44.3356582557831, 38.303509164853686, 43.89569055648457, 47.30207595840279, 35.65314205008496, 39.84135934059457, 28.569831972286153, 29.759012081582707, 28.93984907444832, 37.05310524325552, 10.04339853278322, 18.833764006824353, 25.928561043127633, 35.368773971704606, 0, 46.37346884361952, 16.85352402797273, 29.965021183023243, 27.737434575284905],
            [83.67105479592229, 90.64428081321805, 82.41718102708765, 89.91056627565928, 88.7403718483821, 79.98104617074648, 85.49042682443024, 74.70632169744829, 76.11010315506228, 75.24250372681887, 23.300707334605388, 44.97130511475216, 27.83592620218074, 21.585522191322937, 21.000157868541347, 46.37346884361952, 0, 30.05171376761263, 28.392195450085136, 20.23382487479592],
            [56.46910557446197, 60.72083289588041, 54.75132879968407, 59.873906280536595, 62.90386211555157, 52.150084168831036, 56.674598518506066, 45.415752193771425, 46.48834899865, 45.34390327511148, 21.70680920200573, 15.41624376414943, 2.289552283421565, 12.325554205621206, 19.442822148899015, 16.85352402797273, 30.05171376761263, 0, 16.24864724396424, 10.891266497641018],
            [70.08986133963309, 69.8751441991489, 68.0347957228306, 68.10090685007626, 77.2633998647369, 65.35307198134528, 68.62761448583183, 56.9387656600932, 57.21005983720726, 55.11753361132504, 7.994028859984289, 23.123970703255075, 16.10368186171871, 22.88808576898665, 8.12721828804413, 29.965021183023243, 28.392195450085136, 16.24864724396424, 0, 11.998880038038909],
            [67.21304411607595, 71.3280637242097, 65.55849028399274, 70.2881845924951, 73.41603792894891, 62.973569526108044, 67.56569929110184, 56.28489340072375, 57.287931173066816, 56.0010046519884, 13.3836540477719, 24.872601732222208, 9.103536634883637, 11.331122169511037, 10.380220278064614, 27.737434575284905, 20.23382487479592, 10.891266497641018, 11.998880038038909, 0]
        ],
        "options": {
            "nDim": 2
        }
    },
    "outputSchema": {
        "title": "MDS output",
        "description": "The output of the MDS service.",
        "type": "array",
        "items": {
            "type": "array",
            "description": "The coordinates of a point in the embedding space.",
            "items": {
                "type": "number",
                "description": "A point coordinate."
            }
        }
    },
    "outputExample": [
        [-7.540944751949844, 33.58612294461901],
        [17.701973621783694, 33.74141648244545],
        [-5.058204091826138, 31.94999810826459],
        [21.465625802433976, 31.18092674799758],
        [-14.557029704586043, 39.28734037312348],
        [-4.328519796797703, 29.35210555392112],
        [2.955863093612146, 33.391911296312166],
        [4.396699662059311, 21.7496258859013],
        [7.917936801859793, 22.017463072502583],
        [11.365486318216377, 19.701690240230818],
        [3.8833334875043755, -42.84472184240021],
        [6.606260451982337, -12.04537689702071],
        [-5.970007089643828, -24.502355871153767],
        [-15.629282749433276, -27.970171414344396],
        [0.9735431046452631, -41.47126840337247],
        [-1.5555235079965357, -6.193202087157296],
        [-18.486490978135745, -49.365635127892205],
        [-4.441342165984422, -22.797836389162473],
        [6.098875174308727, -35.163784719497585],
        [-5.798252682052472, -33.60424795331698]
      ]
}
